$ANSIBLE_VAULT;1.1;AES256
36643565613632373264386166303930633737636435366365343761363964366662306437363037
3461346130353662326336336430356162376638633663610a313637386361656262313161393031
39363033626333653664373164343931323764356662663364383064343237366232666238633963
3536333633626236320a393364653532356232633462626633343665316261383063326665616531
64393765663861323565666333363030313637353839623239633562633563663161343031333034
37313766636235393965303261343738303933323631383563393166643063333962656362323261
65633265653937333339363162313532653562663330613631616131353235316531346432626630
62663839623062393331643462363335363035306338636262383364626337396332666661633162
36323634616565313937633235363166623662383465366264653730653930303561633632336135
31663364646331303561656630313130316530613838666338323064383731666439393739353164
66343062316538346237393366303138643861376530363234306166343434386433626235343538
35336565326634656238356238653437356162376666343234336561333930366135663238316133
30356461333231333663343733666333636637643634323230653266323364373131353139656536
66376464656332346638653037633964323532396464303865363134363639633734613034663063
63323436623761326265316466383164376261323839303666383065653334613165666631316130
37333338623338633735306333653832623666363436316339323438316331303330306634626433
31383662623063343834323331663331613761643532343739653137323030383937623265393531
35353935653932623435303064353239376135636637383030323531656562626266323965346662
35303163653136346230343339383163306366303735333561323933376164316336636333353863
30613564313932373433623461616361333464333263616565663066396638323039303931376432
65313665313035663062613161393539323935633461313034366435613333303436353638633966
61306466653939383334383361303361666233653661316562616162323035633930323231376131
65633435633961316239666466383665326363356334326531386539653265643737623136386237
63383464666163623361663739353030346263393163633865363266313466353731613866623165
39303738303336333263363731376433363361323232633736313139663837383935323464343262
39316636666139366637633663643063383335393836353736383333393961383963306632333837
356139323634636534356562383333396462
